[[-1104.86934893,  5913.22202896, -2988.87377463,   954.72640979,
  -65.57409773, -4006.62172133,  2750.89617992,  2446.18198284,
 2120.06011161],
[-3353.5070628 ,  1030.38845871,  1877.73398376,   716.35035398,
 4647.56731027,  2832.3585991 ,   144.61194125,  -206.63361891,
-3444.41791694],
[-1745.29988991,  4638.59684333, -6564.78902585, -2181.52467243,
 -360.18416122, -1974.35535474,  -141.01986319,  1721.08126399,
 1212.78276729],
[  -53.15284025,  1676.95708186,  2361.52825805, -3102.13458767,
 3702.67280088,  1454.69912667, -1372.15697653,  1859.07612198,
 -919.66002409],
[-1496.84686655,  1033.29609479,  1966.47898014,  4863.92480567,
 3730.62813319, -3453.87373576,  1494.64729108, -2891.60841129,
 1554.87383867],
[  971.1384236 ,  4195.77225248,   543.56413704, -1255.67915686,
-6260.99685905,  -687.2334556 ,  2694.25101386,  1454.16146656,
-4137.86805503],
[ -234.55534764,  5617.85949763, -9020.78982422,   876.2791943 ,
 2321.24018058,  4364.72586172, -4124.96818882, -1735.43460233,
  522.20645832],
[ 2342.65217105,   355.33688597,  2054.47494045,  -740.40269081,
-1227.18801644,  5187.32480109,  2365.37667646, -6288.45803483,
 3134.29606297],
[ 1061.51972873, -2643.31998599,  4914.50579382,   166.42043605,
 -146.91970057,  1266.09877292,  2505.72753592,  3460.8514222 ,
-1202.22762736],
[-3538.44025616, -4429.84053992, -1714.21963112,  -721.53538306,
-4197.69469013, -1179.9180935 ,    16.55420227,  -407.25044579,
 9521.34237811],
[-4744.06136637,  -928.82944088,    91.30721126, -4150.26182841,
-1745.27471534, -1167.83313418,  3303.39963903,  7539.80951273,
 1822.1680234 ],
[-5133.08357399, -6000.4232784 ,  1636.48455199, -7039.78388891,
-2194.59469719, -2358.11166247, -3214.97598261,  1187.3551141 ,
 3846.69236785],
[-5978.13518216, -3076.79824368, -1550.57764665,  -492.85250653,
 5099.511477  ,  2163.62952763,  1856.48146034,   957.87401597,
 -439.2803022 ],
[-5526.07694877, -1110.63598889,  2716.36563096, -2624.99713648,
 4324.46513136, -4410.82435182,  5241.52452169,  -524.00521402,
 2330.62897328],
[  782.01807379,  1913.24098073,  5433.13525554, -1695.17326715,
 -665.26101438,  3595.91866823,   484.2639564 , -2508.01182521,
-2725.29113623],
[ 3128.28597117, -3506.54206891,  1150.0268474 , -1654.59854873,
-4734.61186939,  2210.63750411, -1126.69229289,  2958.8177492 ,
 -825.46999954],
[ 3112.57757748,   672.18808906, -4608.8777158 ,  1777.84621403,
 1020.72690175, -1776.29423768, -3918.51506229,  -344.91330696,
  700.89798129],
[-6062.931825  , -2759.98281524,  -121.6564714 ,  1558.07001198,
-3569.18408303,  1617.6921007 ,  -357.30535049,  -941.03578907,
-2784.25317917],
[-3575.64852402,  -354.42617435, -2071.71716583,  6697.68673154,
 4720.2234332 , -6665.25283326,  5237.85997407, -1808.30574674,
 4136.01020199],
[-3513.45954691,  1862.80899541, -1996.84439696,  2766.94802599,
  857.5523604 ,  3130.81439639,  1698.7551476 ,  4318.1071937 ,
 1909.69019451],
[  302.30342048,  2666.32502024, -5161.36059302,   850.96629117,
 1106.27991887,  4456.23461462,  7508.27524434,  1683.69326078,
 1862.55938895],
[-1202.29791215,  2060.44265597, -9052.38601022, -3349.70699375,
 2098.51984705,  5925.30520451,   511.85126759,  3931.88921798,
 -263.16711628],
[ 4428.33727754,  6001.06696645,  4431.42679223,  1674.41283395,
 3438.39336287, -1582.52319394,  4892.30561538,  2271.15182624,
-3336.97514155],
[ 2198.01714471,  -356.98778286,  4622.89169358,  -860.15402052,
 3354.32152933,  2876.30383825, -1032.35601295,  1849.73734337,
 1096.34025707],
[ -734.69182036, -2976.13664497,  1454.67284201,  2713.23844079,
  340.08090712, -1971.47789551,  2976.79993949,  -997.57936345,
 -357.85187673],
[  -52.89724204, -2329.78578154,  -583.20451975,  -737.21865783,
 1655.43260018,   725.40765714, -1754.82240551, -3011.08288682,
  951.50785529],
[ -702.82617628,  1215.20353634,  -599.10177214, -1466.33495022,
 3467.17230816, -4382.9470127 ,  2072.4232337 ,  3696.49040336,
-1063.6449276 ]]

[[ 4289.57746677, -5557.36711085, -2341.70273918,  4343.49511115,
-2661.85368967,  5015.27970072,  -705.58184652, -1478.74090361,
 1677.19777036],
[  955.2415408 ,  4038.25692212,  -639.77130567, -2391.84973537,
  443.18309257, -1936.59193727,  2069.90633441, -1581.77110116,
 7213.23189014],
[ -796.79257133,  1099.16516924, -2661.92966279,  2177.01876382,
  358.80466514, -2034.67810977, -5271.63572821,  -862.56799967,
-7366.43491556],
[-6238.75928829, -2941.80566953,  2255.3886434 , -1811.14701493,
-4740.8561859 ,  -988.18543448,   659.63403398, -3877.48939678,
 4144.91396343],
[  144.99623291, -1198.97851576,  4911.0382025 ,  1127.98647701,
-8671.88266751, -1672.75392307,  4857.75744004, -3265.5876609 ,
 -241.09655722],
[ 3885.16441088, -1108.23292916,  3234.50063937, -3594.90822729,
  634.54043444,   873.05531177, -2084.52577774, -1664.04853694,
-3397.45139255],
[-1255.62616454,  2148.0873451 , -1110.84268016, -7495.0599025 ,
 -379.15647896,  2782.2650505 , -1265.09952541,   603.08162038,
-2097.18519375],
[   94.66412914,  2594.01827864, -5108.36256597, -3928.11043166,
-4354.7282632 , -1748.4479097 ,  5213.14484313, -5717.5393509 ,
-2753.14574382],
[-1383.94405972,  5944.93085724,  3008.26146177,   640.61672113,
-3705.12200121, -2420.4250749 ,  2358.24301663,  -975.94376397,
-2683.79939889]]

[[-4100.11353951, -3211.29132484,  2220.3422786 ,  2540.61132369,
  776.4957465 ,  1155.75216488, -1585.52978281, -1032.06852804,
  502.61816161],
[-1192.47217713,   685.01118209, -5333.91750557,   836.18099948,
-1996.80773999, -5843.42523729, -4423.54806906,  1056.02596162,
 -640.01002882],
[-3201.99212424,  -137.57264882, -2093.59418738,   148.39452997,
-2620.90136544,  -683.86218503, -1321.72690402,  4145.19252078,
-2191.42782911],
[ -466.92848629,  -257.26358966,  -175.07825857, -6141.37193351,
  -52.95342224, -2649.88289564,  5724.39098817,  -477.25698141,
-5281.47756347],
[-1739.42477391, -6364.37214327, -3416.20495886, -4975.99838586,
 1526.96754738, -1038.47277921, -3240.3720606 , -1114.50981316,
 3228.91459226],
[-2810.07408307,  -621.19105516,  2773.60965016, -6374.0541378 ,
-1647.61919538, -1689.11089112,  1690.19915753, -3274.70948772,
  728.82435375],
[  531.64897674, -2153.4794204 , -1039.13256881, -3789.96869366,
 -580.15636118,  2716.8850593 ,  2371.58302886,  -253.60039213,
  101.10430696],
[-3710.69540207,   333.3182493 ,   487.67123707, -3598.14254455,
 2129.53195904,  4243.08432289,  1799.60653368,   628.52715475,
-3004.70953267],
[  580.9914342 ,  2452.35338034, -2753.05521403, -5977.8132685 ,
 3869.0248929 , -2112.36323103, -4584.39244399,   976.75226204,
 -520.60700124]]
