[[ 1.73019079e+02,  2.95550330e+02, -4.10859196e+02,
 1.04943841e+03,  6.15809576e+02, -8.39678356e+01,
 6.72917088e+02,  3.48616678e+02,  3.71457298e+02],
[ 1.76400593e+02,  3.67873431e+02,  5.09710844e+01,
 1.57045918e+02,  1.48251934e+02, -6.33336511e+02,
-1.16446233e+03, -2.06621827e+02,  9.20985956e+02],
[ 4.61977709e+02,  1.20626393e+03,  1.30836543e+01,
 5.78536807e+02,  2.10433080e+02, -4.29810639e+02,
 1.70226489e+02, -2.22007108e+02, -1.12046189e+02],
[-8.03515333e+02, -2.91979194e+02,  4.68402047e+02,
-3.88930359e+02,  1.03987386e+02, -4.39232524e+02,
-1.00123410e+02,  1.17145470e+03, -2.06431815e+02],
[ 7.04255252e+02, -7.65692018e+02,  3.96259084e+02,
 1.42168166e+02, -3.26473865e+02, -5.67902860e+02,
-4.68229656e+01,  4.08224071e+02, -6.93912563e+02],
[-2.17492850e+01, -1.99965586e+02, -4.20301029e+02,
 3.01566108e+02,  2.48686121e+02, -2.11264070e+01,
 1.00931817e+02, -8.71296462e+00, -9.29533349e+00],
[ 2.70223347e+02, -4.07945914e+01,  4.30680696e+02,
 9.13125124e+01,  1.62978361e+01, -2.10865318e+01,
-1.09024570e+02, -1.02751311e+02, -5.29934985e+01],
[ 5.49557758e+02, -1.87465379e+02, -2.79289830e+02,
-2.16474697e+02, -2.12005142e+01, -2.48041862e+02,
 4.78868180e+01,  4.30706042e+02,  3.73811333e+02],
[-1.66151164e+02,  6.00325172e+02, -4.06563467e+01,
-3.16645877e+02,  4.86720327e+02,  7.91938634e+01,
 6.37962546e+01, -8.48180126e+00, -4.13939926e+02],
[ 3.51846106e+01, -8.40766436e+01,  7.44602917e+02,
 1.54658647e+02,  4.37221474e+02, -3.00878696e+02,
 2.20031712e+02,  7.26212323e+01,  9.30321788e+02],
[ 5.62905033e+02,  5.05617407e+02,  8.20421543e+01,
 1.00923843e+02,  1.26350674e+02,  2.23350725e+02,
-2.38409575e+02, -8.15173775e+01, -2.79443607e+02],
[-1.75831001e+02,  2.57945563e+02, -1.03239366e+02,
-1.08975639e+02, -2.38001495e+02, -3.82447584e+02,
-6.27758341e+02, -1.09125077e+02,  6.01374580e+01],
[ 1.64221088e+02, -5.33132361e+02, -6.30688367e+02,
-2.75614758e+01,  7.76579424e+02,  5.87275937e+02,
 4.21335976e+02, -1.66304512e+02, -4.07834174e+02],
[ 1.45144050e+02, -2.19728838e+02,  6.93220959e+00,
 5.56153073e+02, -1.62654276e+02, -1.37892442e+02,
 2.04129457e+02, -4.92437490e+02,  2.10752796e+02],
[ 9.36702564e+02,  2.92253344e+02,  6.60135266e+02,
-8.40594919e+02, -2.22388866e+02, -1.84892493e+02,
 4.58864635e+02,  1.58541051e+01, -1.84931291e+02],
[ 4.46226549e+02, -4.17049350e+02,  6.34354194e+02,
-4.26839625e+02,  5.09407515e+01,  8.07780367e-01,
 1.57752613e+02, -3.01250642e+02,  2.61543855e+02],
[-1.69210225e+02, -4.36097777e+02,  4.74211897e+01,
 1.25935366e+02, -1.34778988e+02,  3.42433659e+02,
-8.63459230e+02, -3.51310866e+02,  6.64350379e+01],
[ 4.67937487e+02, -3.35878405e+02,  2.86328557e+02,
 1.85389124e+02, -3.61072332e+02,  2.58575320e+01,
 1.10326124e+02,  3.52386778e+02, -1.53132519e+02],
[ 6.19445723e+02,  5.40586807e+02, -5.65031554e+02,
-2.45333685e+01, -3.76545306e+02, -9.03730678e+02,
 3.19477319e+01,  7.97860668e+02, -4.98762464e+02],
[-5.93203672e+01,  1.00970555e+02, -2.62841030e+02,
-2.47642950e+02, -5.30475391e+02, -9.19400113e+02,
 2.83504688e+02,  1.70240912e+02, -1.81983729e+02],
[ 1.76441699e+02, -1.00441711e+02, -9.28245306e+00,
-1.28672761e+02,  5.68452106e+02, -3.28893987e+02,
 1.69744713e+02,  2.58316470e+02,  3.23825426e+02],
[-1.50116378e+02, -3.41867299e+02,  3.39720993e+02,
-1.50498433e+02, -1.81392736e+02,  3.20862922e+02,
 3.20887911e+02, -4.19902784e+02, -2.13102349e+02],
[-4.48892859e+02,  6.34747310e+02, -1.40524645e+02,
 2.92060375e+02,  1.07089242e+02,  5.24516897e+02,
-5.74402628e+02, -6.85878915e+01,  1.63966053e+02],
[-6.25945999e+01, -2.41738025e+02, -9.69713450e+01,
 1.17011941e+02, -1.40839634e+02,  3.77585776e+02,
-1.12555581e+02,  7.16103979e+02,  3.99502123e+00],
[-5.51788530e+02, -2.03326047e+02,  9.01925714e+02,
-2.85660913e+02, -9.37633170e+01, -5.30403663e+02,
-5.42777311e+02,  5.62728573e+02,  1.13997239e+02],
[-8.73081658e+01,  3.33171804e+02,  1.26421553e+02,
-7.44755223e+01,  4.80835104e+01, -2.07078664e+02,
-1.65913777e+02, -1.24664435e+02, -4.64872652e+01],
[-2.04063962e+02,  3.99464025e+02, -2.59730639e+02,
-2.81875681e+02,  2.14384378e+02,  4.68785103e+02,
-1.94639152e+02, -1.16083504e+02, -6.18217341e+02]]

[[-171.76056128,  418.13571285, -291.23974629,  333.32616153,
-520.44308925, -441.74199907, -128.64286752,  298.96609666,
  16.44707105],
[ 891.91631512,  173.35781865,  330.38338262,  314.75156686,
-646.17858866, -514.39272844,  131.98933479, -228.7995902 ,
 106.84574026],
[ 534.30059233, -124.68032132, -467.4858215 , -162.7229448 ,
-385.8382398 ,   63.52538132, -344.81247862,   12.68636479,
 578.43352351],
[-127.97756169, -300.85522726,  132.71560683,  820.21829866,
 298.92910721,  314.59964284, -162.6502524 ,  238.97635139,
-485.75592081],
[-175.46161708, -674.742679  ,  204.42171014, -599.72287309,
 854.57506878,   66.63230742,  706.85576065,  -96.50584028,
-373.63248562],
[ 329.70132643, -514.42425903,  458.84164254, -612.14636986,
 418.27714894,  465.37795112,  286.00225067, -596.5780127 ,
-389.26193017],
[-187.88598425,  524.85618961,  141.95650997, -282.43850459,
 700.49339656,   60.18105557,  433.90443143,  587.99191563,
-945.04894096],
[ 481.32380289, 1090.41142776,   75.59500462, -175.63001261,
  62.87633322, -593.37773447, -910.45462824,  653.75031581,
-404.51733353],
[ 185.75040345, -392.29102182,  154.47265982,   91.9809425 ,
  47.6566738 ,  245.88909645, -291.32584997,  176.17921704,
  15.92812013]]

[[-288.80034357,  462.2356671 , -118.35516033, -388.99233241,
  72.2402553 , -313.98400652, -250.69040337, 1335.33689226,
 716.25671984],
[ 182.92938687,  -52.75539499, -102.71998182,  317.82399073,
-577.06850912, -517.8518826 ,  236.18165316,  179.1099648 ,
 634.60565951],
[ -58.83206748, -200.3834242 ,   44.25386281,  248.0736345 ,
-197.20204176, -656.03547103,  116.54151799, -769.27187255,
-197.02411079],
[-649.59827734, -137.20907404,  644.64853381,  -84.14362059,
-244.41959666,  -74.66294792, 1008.56864109, -502.13702881,
-128.7025677 ],
[-401.37850127,  154.84815245,  333.12191001, -722.06614386,
-718.53577162,  348.87569291,  217.60440264,  295.20667404,
 305.20487431],
[   9.86632173,  823.44356478,  110.69118733, -159.37975845,
-325.98743193,  103.76628942,  101.16194419,  493.7323316 ,
 368.22515756],
[1435.63655391, -332.47640657,  -71.35170934,   88.02200555,
 345.62426668,   -9.19122257,  -68.23738746,   47.22152691,
 289.48803585],
[ 644.01261173,   22.83348288, -451.47160052,  603.40408716,
 515.16111209, -460.63135451, -306.86715852,  547.10733517,
-188.13930483],
[ 229.60151242,   54.35180818, -307.39259133,  508.81549943,
 726.07625499, -115.63259611, -200.01639381,   78.97779053,
 135.68758617]]
